FAC 1.1.5
Endian	= 0
TSess	= 1599212488
Type	= 2
Verbose	= 1
Fe Z	=  26.0
NBlocks	= 2

NELE	= 10
NTRANS	= 24
MULTIP	= 0
GAUGE	= 2
MODE	= 1
     1  4      0  0  7.241689E+02  4.562427E-08  2.076420E+05  4.562427E-08
     2  2      0  0  7.262087E+02  1.138771E-01  8.686557E+11  1.138771E-01
     4  2      0  0  7.381206E+02  9.958488E-02  7.847591E+11  9.958488E-02
     5  2      0  0  7.544743E+02  2.069507E-08  1.703900E+05  2.069507E-08
     6  4      0  0  7.580888E+02  9.678252E-05  4.826993E+08  9.678252E-05
     8  2      0  0  7.608611E+02  9.185140E-10  7.691037E+03  9.185140E-10
     9  4      0  0  7.626661E+02  1.055495E-04  5.328005E+08  1.055495E-04
    11  2      0  0  7.701884E+02  4.724943E-10  4.053954E+03  4.724943E-10
    12  2      0  0  7.733986E+02  2.347952E-08  2.031348E+05  2.347952E-08
    13  4      0  0  7.738040E+02  1.242365E-04  6.455808E+08  1.242365E-04
    16  2      0  0  8.015217E+02  9.542232E-03  8.866839E+10  9.542232E-03
    17  4      0  0  8.033513E+02  1.019311E-06  5.708960E+06  1.019311E-06
    20  4      0  0  8.058963E+02  2.019995E-07  1.138540E+06  2.019995E-07
    22  2      0  0  8.117335E+02  6.240763E-01  5.947753E+12  6.240763E-01
    23  4      0  0  8.168738E+02  7.161180E-08  4.147000E+05  7.161180E-08
    24  4      0  0  8.175289E+02  4.508954E-08  2.615301E+05  4.508954E-08
    26  2      0  0  8.257241E+02  2.503769E+00  2.469178E+13  2.503769E+00
    27  2      0  0  8.607649E+02  1.610511E-09  1.725921E+04  1.610511E-09
    30  2      0  0  8.941305E+02  3.221446E-02  3.725126E+11  3.221446E-02
    31  4      0  0  8.964440E+02  1.138102E-07  7.937197E+05  1.138102E-07
    32  2      0  0  8.984164E+02  2.649787E-01  3.093532E+12  2.649787E-01
    33  2      0  0  9.386861E+02  1.525000E-10  1.943564E+03  1.525000E-10
    34  4      0  0  9.388175E+02  2.565955E-06  1.962687E+07  2.565955E-06
    36  4      0  0  9.438396E+02  1.265357E-03  9.782481E+09  1.265357E-03

NELE	= 10
NTRANS	= 203
MULTIP	= 0
GAUGE	= 2
MODE	= 1
     2  2      1  4  2.039826E+00  7.766297E-07  4.673999E+01  7.766297E-07
     3  0      2  2  1.059924E+01  3.208272E-06  1.563978E+04  3.208272E-06
     4  2      1  4  1.395173E+01  6.059540E-06  1.706020E+04  6.059540E-06
     4  2      2  2  1.191190E+01  1.446488E-06  2.968694E+03  1.446488E-06
     4  2      3  0  1.312658E+00  4.603941E-07  1.147417E+01  4.603941E-07
     5  2      1  4  3.030540E+01  2.608850E-01  3.465594E+09  2.608850E-01
     5  2      2  2  2.826558E+01  1.118507E-02  1.292536E+08  1.118507E-02
     5  2      3  0  1.766633E+01  2.298956E-03  1.037796E+07  2.298956E-03
     5  2      4  2  1.635368E+01  2.837164E-03  1.097497E+07  2.837164E-03
     6  4      1  4  3.391992E+01  2.675497E-01  2.671491E+09  2.675497E-01
     6  4      2  2  3.188009E+01  2.862712E-01  2.524971E+09  2.862712E-01
     7  6      1  4  3.549175E+01  8.379848E-01  6.543385E+09  8.379848E-01
     8  2      1  4  3.669223E+01  1.904522E-02  3.708708E+08  1.904522E-02
     8  2      2  2  3.465241E+01  3.286930E-01  5.708809E+09  3.286930E-01
     8  2      3  0  2.405316E+01  7.028973E-04  5.881993E+06  7.028973E-04
     9  4      1  4  3.849723E+01  3.547964E-01  4.563288E+09  3.547964E-01
     9  4      2  2  3.645741E+01  2.885755E-01  3.328668E+09  2.885755E-01
     9  4      4  2  2.454550E+01  4.832199E-03  2.526552E+07  4.832199E-03
    10  0      2  2  4.209744E+01  1.027370E-01  7.900380E+09  1.027370E-01
    10  0      4  2  3.018554E+01  3.179158E-02  1.256955E+09  3.179158E-02
    11  2      1  4  4.601946E+01  3.766170E-04  1.153643E+07  3.766170E-04
    11  2      2  2  4.397964E+01  1.052200E-03  2.943677E+07  1.052200E-03
    11  2      3  0  3.338039E+01  1.334251E-01  2.150348E+09  1.334251E-01
    11  2      4  2  3.206774E+01  1.904852E-01  2.833258E+09  1.904852E-01
    12  2      1  4  4.922972E+01  2.579324E-02  9.041675E+08  2.579324E-02
    12  2      2  2  4.718989E+01  5.044577E-05  1.624842E+06  5.044577E-05
    12  2      3  0  3.659065E+01  2.159063E-01  4.181131E+09  2.159063E-01
    12  2      4  2  3.527799E+01  1.309195E-01  2.356678E+09  1.309195E-01
    13  4      1  4  4.963513E+01  5.444245E-03  1.164007E+08  5.444245E-03
    13  4      2  2  4.759531E+01  5.224937E-03  1.027185E+08  5.224937E-03
    13  4      4  2  3.568340E+01  6.008275E-01  6.639293E+09  6.008275E-01
    14  0      2  2  6.415339E+01  8.396817E-02  1.499559E+10  8.396817E-02
    14  0      4  2  5.224149E+01  1.381551E-01  1.636092E+10  1.381551E-01
    15  0      5  2  4.607900E+01  1.309074E-01  1.206091E+10  1.309074E-01
    15  0      8  2  3.969217E+01  4.418632E-03  3.020696E+08  4.418632E-03
    15  0     11  2  3.036494E+01  8.873457E-05  3.550154E+06  8.873457E-05
    15  0     12  2  2.715469E+01  4.511070E-03  1.443373E+08  4.511070E-03
    16  2      5  2  4.704738E+01  3.196431E-01  1.023351E+10  3.196431E-01
    16  2      6  4  4.343287E+01  3.085615E-02  8.419127E+08  3.085615E-02
    16  2      8  2  4.066056E+01  2.093981E-03  5.007347E+07  2.093981E-03
    16  2      9  4  3.885556E+01  5.160949E-02  1.127001E+09  5.160949E-02
    16  2     10  0  3.321552E+01  1.042210E-02  1.663127E+08  1.042210E-02
    16  2     12  2  2.812307E+01  3.736728E-03  4.274697E+07  3.736728E-03
    16  2     13  4  2.771766E+01  2.725412E-03  3.028541E+07  2.725412E-03
    17  4      5  2  4.887696E+01  2.831196E-01  5.869725E+09  2.831196E-01
    17  4      6  4  4.526244E+01  5.698558E-02  1.013166E+09  5.698558E-02
    17  4      7  6  4.369061E+01  2.127511E-02  3.524420E+08  2.127511E-02
    17  4      8  2  4.249013E+01  6.513667E-02  1.020566E+09  6.513667E-02
    17  4      9  4  4.068513E+01  2.702297E-01  3.881898E+09  2.702297E-01
    17  4     11  2  3.316290E+01  1.418353E-03  1.353720E+07  1.418353E-03
    17  4     12  2  2.995264E+01  1.677210E-03  1.305862E+07  1.677210E-03
    17  4     13  4  2.954723E+01  5.048403E-03  3.824962E+07  5.048403E-03
    18  8      7  6  4.381929E+01  1.288035E+00  1.192409E+10  1.288035E+00
    19  6      6  4  4.611525E+01  8.805641E-01  1.160811E+10  8.805641E-01
    19  6      7  6  4.454342E+01  1.551522E-01  1.908255E+09  1.551522E-01
    19  6      9  4  4.153794E+01  9.557633E-03  1.022237E+08  9.557633E-03
    19  6     13  4  3.040004E+01  5.652705E-04  3.238293E+06  5.652705E-04
    20  4      5  2  5.142198E+01  1.404278E-02  3.222481E+08  1.404278E-02
    20  4      6  4  4.780747E+01  2.629165E-01  5.214934E+09  2.629165E-01
    20  4      7  6  4.623564E+01  1.320422E-02  2.449660E+08  1.320422E-02
    20  4      8  2  4.503515E+01  4.737244E-01  8.338129E+09  4.737244E-01
    20  4      9  4  4.323015E+01  4.717307E-04  7.650807E+06  4.717307E-04
    20  4     11  2  3.570792E+01  2.798032E-04  3.096146E+06  2.798032E-04
    20  4     12  2  3.249767E+01  4.130578E-04  3.785775E+06  4.130578E-04
    21  6      6  4  4.888361E+01  7.199944E-03  1.066516E+08  7.199944E-03
    21  6      7  6  4.731178E+01  2.043695E-01  2.835739E+09  2.043695E-01
    21  6      9  4  4.430630E+01  8.339128E-01  1.014760E+10  8.339128E-01
    21  6     13  4  3.316840E+01  1.112437E-03  7.586407E+06  1.112437E-03
    22  2      5  2  5.725918E+01  8.797638E-04  4.172004E+07  8.797638E-04
    22  2      6  4  5.364467E+01  1.752909E-02  7.296269E+08  1.752909E-02
    22  2      8  2  5.087235E+01  2.003416E-01  7.499342E+09  2.003416E-01
    22  2      9  4  4.906735E+01  1.265500E-04  4.406926E+06  1.265500E-04
    22  2     10  0  4.342732E+01  2.103158E-01  5.737018E+09  2.103158E-01
    22  2     11  2  4.154512E+01  7.381810E-03  1.842855E+08  7.381810E-03
    22  2     12  2  3.833487E+01  9.795979E-03  2.082208E+08  9.795979E-03
    22  2     13  4  3.792945E+01  3.807520E-03  7.922891E+07  3.807520E-03
    22  2     14  0  2.137137E+01  5.710885E-03  3.772735E+07  5.710885E-03
    23  4      5  2  6.239946E+01  6.598599E-04  2.229734E+07  6.598599E-04
    23  4      6  4  5.878495E+01  3.107501E-03  9.319296E+07  3.107501E-03
    23  4      7  6  5.721312E+01  1.833179E-04  5.207577E+06  1.833179E-04
    23  4      9  4  5.420763E+01  4.631259E-04  1.181026E+07  4.631259E-04
    23  4     11  2  4.668540E+01  6.463699E-01  1.222596E+10  6.463699E-01
    23  4     12  2  4.347515E+01  2.049344E-02  3.361527E+08  2.049344E-02
    23  4     13  4  4.306974E+01  8.829349E-02  1.421388E+09  8.829349E-02
    24  4      5  2  6.305462E+01  3.284660E-03  1.133349E+08  3.284660E-03
    24  4      6  4  5.944011E+01  7.156237E-03  2.194236E+08  7.156237E-03
    24  4      7  6  5.786827E+01  7.013778E-03  2.038321E+08  7.013778E-03
    24  4      8  2  5.666779E+01  9.252377E-04  2.578490E+07  9.252377E-04
    24  4      9  4  5.486279E+01  2.449816E-02  6.399247E+08  2.449816E-02
    24  4     11  2  4.734056E+01  1.358150E-03  2.641520E+07  1.358150E-03
    24  4     12  2  4.413031E+01  6.119121E-01  1.034195E+10  6.119121E-01
    24  4     13  4  4.372489E+01  7.985257E-02  1.324909E+09  7.985257E-02
    25  6      6  4  6.001828E+01  6.862898E-05  1.532449E+06  6.862898E-05
    25  6      7  6  5.844645E+01  7.202754E-03  1.525198E+08  7.202754E-03
    25  6      9  4  5.544096E+01  6.805335E-04  1.296649E+07  6.805335E-04
    25  6     13  4  4.430307E+01  1.015560E+00  1.235619E+10  1.015560E+00
    26  2      5  2  7.124977E+01  7.242946E-05  5.318271E+06  7.242946E-05
    26  2      6  4  6.763525E+01  7.844857E-04  5.190624E+07  7.844857E-04
    26  2      8  2  6.486294E+01  2.971163E-02  1.808040E+09  2.971163E-02
    26  2      9  4  6.305794E+01  5.168356E-04  2.972489E+07  5.168356E-04
    26  2     10  0  5.741790E+01  1.917675E-02  9.144459E+08  1.917675E-02
    26  2     11  2  5.553571E+01  1.305941E-01  5.825812E+09  1.305941E-01
    26  2     12  2  5.232546E+01  7.868373E-02  3.116013E+09  7.868373E-02
    26  2     13  4  5.192004E+01  4.729653E-03  1.844113E+08  4.729653E-03
    26  2     14  0  3.536195E+01  1.634991E-01  2.957170E+09  1.634991E-01
    27  2      1  4  1.365960E+02  3.554582E-01  9.592960E+10  3.554582E-01
    27  2      2  2  1.345562E+02  9.886403E-02  2.589010E+10  9.886403E-02
    27  2      3  0  1.239569E+02  6.607735E-02  1.468529E+10  6.607735E-02
    27  2      4  2  1.226443E+02  1.041803E-01  2.266566E+10  1.041803E-01
    28  0      2  2  1.416083E+02  7.760613E-02  6.752788E+10  7.760613E-02
    28  0      4  2  1.296964E+02  5.879412E-02  4.291404E+10  5.879412E-02
    28  0     22  2  5.608355E+01  1.568221E-03  2.140365E+08  1.568221E-03
    28  0     26  2  4.209297E+01  6.160036E-03  4.736002E+08  6.160036E-03
    29  0      5  2  1.391953E+02  6.089827E-02  5.119922E+10  6.089827E-02
    29  0      8  2  1.328084E+02  6.778847E-02  5.188199E+10  6.778847E-02
    29  0     11  2  1.234812E+02  5.696864E-02  3.769182E+10  5.696864E-02
    29  0     12  2  1.202709E+02  5.232370E-03  3.284199E+09  5.232370E-03
    29  0     27  2  3.290468E+01  1.210290E-01  5.686100E+09  1.210290E-01
    30  2      5  2  1.396562E+02  5.370122E-02  1.514930E+10  5.370122E-02
    30  2      6  4  1.360416E+02  3.199245E-01  8.564058E+10  3.199245E-01
    30  2      8  2  1.332693E+02  2.762600E-04  7.096868E+07  2.762600E-04
    30  2      9  4  1.314643E+02  1.687288E-02  4.217872E+09  1.687288E-02
    30  2     10  0  1.258243E+02  4.104794E-02  9.399586E+09  4.104794E-02
    30  2     11  2  1.239421E+02  1.095449E-01  2.433987E+10  1.095449E-01
    30  2     12  2  1.207319E+02  1.000996E-02  2.110398E+09  1.000996E-02
    30  2     13  4  1.203264E+02  4.926355E-03  1.031659E+09  4.926355E-03
    30  2     14  0  1.037683E+02  2.368013E-02  3.688096E+09  2.368013E-02
    30  2     27  2  3.336559E+01  3.306559E-01  5.324296E+09  3.306559E-01
    30  2     28  0  2.631343E+01  2.770058E-02  2.774164E+08  2.770058E-02
    31  4      5  2  1.419697E+02  1.687601E-02  2.951893E+09  1.687601E-02
    31  4      6  4  1.383552E+02  3.403593E-03  5.654161E+08  3.403593E-03
    31  4      7  6  1.367834E+02  4.944322E-01  8.028102E+10  4.944322E-01
    31  4      8  2  1.355829E+02  1.934006E-02  3.085368E+09  1.934006E-02
    31  4      9  4  1.337779E+02  1.523198E-01  2.365727E+10  1.523198E-01
    31  4     11  2  1.262557E+02  3.871770E-03  5.356126E+08  3.871770E-03
    31  4     12  2  1.230454E+02  9.946837E-02  1.306939E+10  9.946837E-02
    31  4     13  4  1.226400E+02  1.542234E-01  2.013048E+10  1.542234E-01
    31  4     27  2  3.567914E+01  6.644227E-01  7.340283E+09  6.644227E-01
    32  2      5  2  1.439421E+02  1.140443E-02  3.417731E+09  1.140443E-02
    32  2      6  4  1.403276E+02  1.807562E-02  5.148347E+09  1.807562E-02
    32  2      8  2  1.375553E+02  1.174543E-01  3.214488E+10  1.174543E-01
    32  2      9  4  1.357503E+02  1.499168E-01  3.995951E+10  1.499168E-01
    32  2     10  0  1.301103E+02  2.236952E-02  5.477321E+09  2.236952E-02
    32  2     11  2  1.282281E+02  2.392896E-02  5.690867E+09  2.392896E-02
    32  2     12  2  1.250178E+02  5.519332E-02  1.247725E+10  5.519332E-02
    32  2     13  4  1.246124E+02  1.433774E-01  3.220266E+10  1.433774E-01
    32  2     14  0  1.080543E+02  9.169772E-02  1.548571E+10  9.169772E-02
    32  2     27  2  3.765156E+01  4.404807E-02  9.031943E+08  4.404807E-02
    32  2     28  0  3.059940E+01  2.799391E-01  3.791209E+09  2.799391E-01
    33  2      3  0  2.018782E+02  7.831847E-05  4.616696E+07  7.831847E-05
    33  2      4  2  2.005655E+02  3.305006E-05  1.922973E+07  3.305006E-05
    33  2     15  0  1.381328E+02  3.891012E-02  1.073853E+10  3.891012E-02
    33  2     16  2  1.371645E+02  7.123069E-02  1.938379E+10  7.123069E-02
    33  2     17  4  1.353349E+02  2.252281E-02  5.966649E+09  2.252281E-02
    33  2     20  4  1.327899E+02  1.793886E-01  4.575230E+10  1.793886E-01
    33  2     22  2  1.269527E+02  7.198443E-02  1.678072E+10  7.198443E-02
    33  2     23  4  1.218124E+02  1.263323E-01  2.711349E+10  1.263323E-01
    33  2     24  4  1.211572E+02  5.485291E-03  1.164626E+09  5.485291E-03
    33  2     26  2  1.129621E+02  1.262982E-02  2.331047E+09  1.262982E-02
    33  2     29  0  4.501659E+01  2.635998E-01  7.726425E+09  2.635998E-01
    33  2     30  2  4.455568E+01  1.745565E-01  5.012225E+09  1.745565E-01
    33  2     31  4  4.224213E+01  1.230105E-02  3.174842E+08  1.230105E-02
    33  2     32  2  4.026971E+01  1.865260E-02  4.375066E+08  1.865260E-02
    34  4      1  4  2.146486E+02  4.545947E-05  1.817692E+07  4.545947E-05
    34  4      2  2  2.126088E+02  8.234705E-05  3.230354E+07  8.234705E-05
    34  4      4  2  2.006969E+02  9.363161E-05  3.272981E+07  9.363161E-05
    34  4     16  2  1.372959E+02  4.921475E-02  8.050997E+09  4.921475E-02
    34  4     17  4  1.354663E+02  1.074971E-01  1.711980E+10  1.074971E-01
    34  4     19  6  1.346135E+02  3.750423E-01  5.897893E+10  3.750423E-01
    34  4     20  4  1.329213E+02  6.955583E-03  1.066503E+09  6.955583E-03
    34  4     21  6  1.318451E+02  5.863990E-02  8.846283E+09  5.863990E-02
    34  4     22  2  1.270841E+02  5.340208E-02  7.484795E+09  5.340208E-02
    34  4     23  4  1.219438E+02  1.095465E-01  1.413700E+10  1.095465E-01
    34  4     24  4  1.212886E+02  4.867531E-02  6.214245E+09  4.867531E-02
    34  4     25  6  1.207104E+02  5.553192E-02  7.022180E+09  5.553192E-02
    34  4     26  2  1.130935E+02  1.685841E-02  1.871247E+09  1.685841E-02
    34  4     30  2  4.468707E+01  5.461804E-01  9.465411E+09  5.461804E-01
    34  4     31  4  4.237352E+01  1.853361E-01  2.887944E+09  1.853361E-01
    34  4     32  2  4.040110E+01  3.998857E-02  5.664503E+08  3.998857E-02
    35  6      1  4  2.148990E+02  3.161133E-04  9.049467E+07  3.161133E-04
    35  6     17  4  1.357166E+02  6.181626E-02  7.057977E+09  6.181626E-02
    35  6     18  8  1.355879E+02  6.573206E-01  7.490844E+10  6.573206E-01
    35  6     19  6  1.348638E+02  1.547741E-03  1.745020E+08  1.547741E-03
    35  6     20  4  1.331716E+02  1.035140E-02  1.137978E+09  1.035140E-02
    35  6     21  6  1.320954E+02  1.991080E-01  2.153653E+10  1.991080E-01
    35  6     23  4  1.221941E+02  5.717142E-03  5.291649E+08  5.717142E-03
    35  6     24  4  1.215389E+02  1.079987E-01  9.889198E+09  1.079987E-01
    35  6     25  6  1.209608E+02  1.922496E-01  1.743677E+10  1.922496E-01
    35  6     31  4  4.262385E+01  1.052308E+00  1.185112E+10  1.052308E+00
    36  4      2  2  2.176309E+02  3.835288E-04  1.576445E+08  3.835288E-04
    36  4      4  2  2.057190E+02  4.161923E-04  1.528560E+08  4.161923E-04
    36  4     16  2  1.423180E+02  1.119736E-03  1.968225E+08  1.119736E-03
    36  4     17  4  1.404884E+02  3.119430E-02  5.343128E+09  3.119430E-02
    36  4     19  6  1.396356E+02  1.296064E-01  2.193098E+10  1.296064E-01
    36  4     20  4  1.379434E+02  1.214377E-01  2.005370E+10  1.214377E-01
    36  4     21  6  1.368672E+02  1.859020E-01  3.022195E+10  1.859020E-01
    36  4     22  2  1.321062E+02  2.656603E-02  4.023577E+09  2.656603E-02
    36  4     23  4  1.269659E+02  6.334838E-02  8.862353E+09  6.334838E-02
    36  4     24  4  1.263107E+02  7.150898E-02  9.901034E+09  7.150898E-02
    36  4     25  6  1.257325E+02  1.846902E-01  2.533838E+10  1.846902E-01
    36  4     26  2  1.181156E+02  6.858251E-02  8.303615E+09  6.858251E-02
    36  4     30  2  4.970917E+01  7.194905E-02  1.542900E+09  7.194905E-02
    36  4     32  2  4.542320E+01  7.349948E-01  1.316071E+10  7.349948E-01
